[0, 0]
[0, 0]
[0, 0]
[0, 0]
[0, 0]
[0, 0]
[0, 0]
[0, 0]
[0, 0]
[0, 0]
[0, 0]
[0, 0]
[0, 0]
[0, 0]
[0, 0]
[0, 0]
[0, 0]
[0, 0]
[0, 0]
[0, 0]
[0, 0]
[0, 0]
[0, 0]
[0, 0]
[0, 0]
[0, 0]
[0, 0]
[0, 0]
[0, 0]
[0, 0]
[0, 0]
[0, 0]
[0, 0]
[0, 0]
[0, 0]
[0, 0]
[0, 0]
[0, 0]
[0, 0]
[0, 0]
[0, 0]
[0, 0]
[0, 0]
[0, 0]
[0, 0]
[0, 0]
[0, 0]
[0, 0]
[0, 0]
[0, 0]
[0, 0]
[0, 0]
[0, 0]
[0, 0]
[0, 0]
[0, 0]
[0, 0]
[0, 0]
[0, 0]
[0, 0]
[0, 0]
[0, 0]
[0, 0]
[0, 0]
[0, 0]
[0, 0]
[0, 0]
[0, 0]
[0, 0]
[0, 0]
[0, 0]
[0, 0]
[0, 0]
[0, 0]
[0, 0]
[0, 0]
[0, 0]
[0, 0]
[0, 0]
[0, 0]
[0, 0]
[0, 0]
[0, 0]
[0, 0]
[0, 0]
[0, 0]
[0, 0]
[0, 0]
[0, 0]
[0, 0]
[0, 0]
[0, 0]
[0, 0]
[0, 0]
[0, 0]
[0, 0]
[0, 0]
[0, 0]
[0, 0.638347]
[0, 0]
[0, 0]
[0, 0]
[0, 0]
[0, 0]
[0, 0]
[0, 0]
[0, 0]
[0, 0]
[0, 0]
[0, 0]
[0, 0]
[0, 0]
[0, 0]
[0, 0]
[0, 0]
[0, 0]
[0, 0]
[0, 0]
[0, 0]
[0, 0]
[0, 0]
[0, 0]
[0, 0.638347]
[0, 0]
[0, 0]
[0, 0]
[0.0411765, 0.0411765]
[0.492158, 0.492158]
[0.335294, 0.335294]
[0, 0]
[0, 0]
[0, 0]
[0, 0]
[0, 0]
[0, 0]
[0, 0]
[0, 0]
[0, 0]
[0, 0]
[0, 0]
[0, 0]
[0, 0]
[0, 0]
[0, 0]
[0, 0]
[0, 0]
[0, 0]
[0, 0]
[0, 0]
[0, 0]
[0, 0]
[0, 0]
[0, 0]
[0.0352942, 0.0352942]
[0.398039, 0.398039]
[0.496079, 0.496079]
[0.333333, 0.333333]
[0, 0]
[0, 0]
[0, 0]
[0, 0]
[0, 0]
[0, 0]
[0, 0]
[0, 0]
[0, 0]
[0, 0]
[0, 0]
[0, 0]
[0, 0]
[0, 0]
[0, 0]
[0, 0]
[0, 0]
[0, 0]
[0, 0]
[0, 0]
[0, 0]
[0, 0]
[0, 0]
[0, 0]
[0.156864, 0.156864]
[0.496079, 0.496079]
[0.496079, 0.496079]
[0.490197, 0.490197]
[0.0490197, 0.0490197]
[0, 0]
[0, 0]
[0, 0]
[0, 0]
[0, 0]
[0, 0]
[0, 0]
[0, 0]
[0, 0]
[0, 0]
[0, 0]
[0, 0]
[0, 0]
[0, 0]
[0, 0]
[0, 0]
[0, 0]
[0, 0]
[0, 0]
[0, 0]
[0, 0]
[0.00392158, 0.00392158]
[0.0882354, 0.0882354]
[0.662746, 0.662746]
[0.994118, 0.994118]
[0.996079, 0.996079]
[0.994118, 0.994118]
[0.552942, 0.552942]
[0.0313725, 0.0313725]
[0, 0]
[0, 0]
[0, 0]
[0, 0]
[0, 0]
[0, 0]
[0, 0]
[0, 0]
[0, 0]
[0, 0]
[0, 0]
[0, 0]
[0, 0]
[0, 0]
[0, 0]
[0, 0]
[0, 0]
[0, 0]
[0, 0]
[0.0352942, 0.0352942]
[0.237255, 0.237255]
[0.837255, 0.837255]
[0.992157, 0.992157]
[0.939217, 0.939217]
[0.92353, 0.92353]
[0.986276, 0.986276]
[0.680392, 0.680392]
[0.439216, 0.439216]
[0, 0]
[0, 0]
[0, 0]
[0, 0]
[0, 0]
[0, 0]
[0, 0]
[0, 0]
[0, 0]
[0, 0]
[0, 0]
[0, 0]
[0, 0]
[0, 0]
[0, 0]
[0, 0]
[0, 0]
[0, 0]
[0, 0]
[0.309805, 0.309805]
[0.837255, 0.837255]
[0.927452, 0.927452]
[0.719609, 0.719609]
[0.521569, 0.521569]
[0.496079, 0.496079]
[0.639217, 0.639217]
[0.423529, 0.423529]
[0.439216, 0.439216]
[0, 0]
[0, 0]
[0, 0]
[0, 0]
[0, 0]
[0, 0]
[0, 0]
[0, 0]
[0, 0]
[0, 0]
[0, 0]
[0, 0]
[0, 0]
[0, 0]
[0, 0]
[0, 0]
[0, 0]
[0, 0]
[0.237255, 0.237255]
[0.833333, 0.833333]
[0.892157, 0.892157]
[0.543137, 0.543137]
[0.276472, 0.276472]
[0.380393, 0.380393]
[0.496079, 0.496079]
[0.486276, 0.486276]
[0.254903, 0.254903]
[0.37255, 0.37255]
[0, 0]
[0, 0]
[0, 0]
[0, 0]
[0, 0]
[0, 0]
[0, 0]
[0, 0]
[0, 0]
[0, 0]
[0, 0]
[0, 0]
[0, 0]
[0, 0]
[0, 0]
[0, 0]
[0, 0]
[0.101961, 0.101961]
[0.809804, 0.809804]
[0.901962, 0.901962]
[0.537256, 0.537256]
[0.298039, 0.298039]
[0.0235294, 0.0235294]
[0.303923, 0.303923]
[0.496079, 0.496079]
[0.270588, 0.270588]
[0.0470588, 0.0470588]
[0.0392157, 0.0392157]
[0, 0]
[0, 0]
[0, 0]
[0, 0]
[0, 0]
[0, 0]
[0, 0]
[0, 0]
[0, 0]
[0, 0]
[0, 0]
[0, 0]
[0, 0]
[0, 0]
[0, 0]
[0, 0]
[0.0901962, 0.0901962]
[0.611766, 0.611766]
[0.986276, 0.986276]
[0.749021, 0.749021]
[0.229413, 0.229413]
[0.0333334, 0.0333334]
[0, 0]
[0.445098, 0.445098]
[0.705883, 0.705883]
[0.590197, 0.590197]
[0.311766, 0.311766]
[0, 0]
[0, 0]
[0, 0]
[0, 0]
[0, 0]
[0, 0]
[0, 0]
[0, 0]
[0, 0]
[0, 0]
[0, 0]
[0, 0]
[0, 0]
[0, 0]
[0, 0]
[0, 0]
[0.0215687, 0.0215687]
[0.194119, 0.194119]
[0.670588, 0.670588]
[0.992157, 0.992157]
[0.745099, 0.745099]
[0.264706, 0.264706]
[0.280392, 0.280392]
[0.476471, 0.476471]
[0.672549, 0.672549]
[0.675488, 0.992157]
[0.980393, 0.980393]
[0.496079, 0.496079]
[0.200001, 0.200001]
[0, 0]
[0, 0]
[0, 0]
[0, 0]
[0.0352942, 0.0352942]
[0.0980393, 0.0980393]
[0.0215687, 0.0215687]
[0, 0]
[0, 0]
[0, 0]
[0, 0]
[0, 0]
[0, 0]
[0, 0]
[0, 0]
[0.34706, 0.34706]
[0.496079, 0.496079]
[0.57451, 0.57451]
[0.960784, 0.960784]
[0.735295, 0.735295]
[0.529412, 0.529412]
[0.629412, 0.629412]
[0.492158, 0.492158]
[0.584315, 0.584315]
[0.715687, 0.715687]
[0.968628, 0.968628]
[0.894118, 0.894118]
[0.588235, 0.588235]
[0.400001, 0.400001]
[0.400001, 0.400001]
[0.400001, 0.400001]
[0.400001, 0.400001]
[0.435295, 0.435295]
[0.496079, 0.496079]
[0.262746, 0.262746]
[0, 0]
[0, 0]
[0, 0]
[0, 0]
[0, 0]
[0, 0]
[0, 0]
[0, 0]
[0.49804, 0.49804]
[0.496079, 0.496079]
[0.496079, 0.496079]
[0.660785, 0.660785]
[0.680392, 0.680392]
[0.680392, 0.680392]
[0.650981, 0.650981]
[0.496079, 0.496079]
[0.496079, 0.496079]
[0.613726, 0.613726]
[0.976471, 0.976471]
[0.968628, 0.968628]
[0.496079, 0.496079]
[0.496079, 0.496079]
[0.49804, 0.49804]
[0.496079, 0.496079]
[0.49804, 0.49804]
[0.496079, 0.496079]
[0.496079, 0.496079]
[0.3, 0.3]
[0, 0]
[0, 0]
[0, 0]
[0, 0]
[0, 0]
[0, 0]
[0, 0]
[0, 0]
[0.409805, 0.409805]
[0.496079, 0.496079]
[0.496079, 0.496079]
[0.496079, 0.496079]
[0.496079, 0.496079]
[0.496079, 0.496079]
[0.496079, 0.496079]
[0.496079, 0.496079]
[0.496079, 0.496079]
[0.737255, 0.737255]
[0.992157, 0.992157]
[0.915686, 0.915686]
[0.496079, 0.496079]
[0.488235, 0.488235]
[0.470589, 0.470589]
[0.466667, 0.466667]
[0.286276, 0.286276]
[0.270588, 0.270588]
[0.270588, 0.270588]
[0.166668, 0.166668]
[0, 0]
[0, 0]
[0, 0]
[0, 0]
[0, 0]
[0, 0]
[0, 0]
[0, 0]
[0.356863, 0.356863]
[0.496079, 0.496079]
[0.443138, 0.443138]
[0.496079, 0.496079]
[0.496079, 0.496079]
[0.480392, 0.480392]
[0.458825, 0.458825]
[0.443138, 0.443138]
[0.543137, 0.543137]
[0.937255, 0.937255]
[0.990196, 0.990196]
[0.482353, 0.482353]
[0.233334, 0.233334]
[0.111766, 0.111766]
[0.0196079, 0.0196079]
[0, 0]
[0, 0]
[0, 0]
[0, 0]
[0, 0]
[0, 0]
[0, 0]
[0, 0]
[0, 0]
[0, 0]
[0, 0]
[0, 0]
[0, 0]
[0.178432, 0.178432]
[0.0921569, 0.0921569]
[0.0352942, 0.0352942]
[0.0588236, 0.960019]
[0.0588236, 0.0588236]
[0.0509805, 0.0509805]
[0.0431374, 0.0431374]
[0.0352942, 0.0352942]
[0.547059, 0.547059]
[0.992157, 0.992157]
[0.809804, 0.809804]
[0.0470588, 0.0470588]
[0, 0]
[0, 0]
[0, 0]
[0, 0]
[0, 0]
[0, 0]
[0, 0]
[0, 0]
[0, 0]
[0, 0]
[0, 0]
[0, 0]
[0, 0]
[0, 0]
[0, 0]
[0, 0]
[0, 0]
[0, 0]
[0, 0]
[0, 0]
[0, 0]
[0.638347, 0.957521]
[0, 0]
[0, 0]
[0.607844, 0.607844]
[0.992157, 0.992157]
[0.729412, 0.729412]
[0.0607843, 0.960103]
[0.638347, 0.957521]
[0, 0]
[0, 0]
[0, 0]
[0, 0]
[0, 0]
[0, 0]
[0, 0]
[0, 0]
[0, 0]
[0, 0]
[0, 0]
[0, 0]
[0, 0]
[0, 0]
[0, 0]
[0, 0]
[0, 0]
[0, 0]
[0, 0]
[0, 0]
[0, 0]
[0, 0]
[0.12549, 0.12549]
[0.509805, 0.509805]
[0.986276, 0.986276]
[0.545098, 0.545098]
[0.184315, 0.184315]
[0, 0]
[0, 0.319174]
[0, 0]
[0, 0]
[0, 0]
[0, 0]
[0, 0]
[0, 0]
[0, 0]
[0, 0]
[0, 0]
[0, 0]
[0, 0]
[0, 0]
[0, 0]
[0, 0]
[0, 0]
[0, 0]
[0, 0]
[0, 0]
[0, 0]
[0, 0]
[0, 0]
[0.34706, 0.34706]
[0.496079, 0.496079]
[0.84902, 0.84902]
[0.515686, 0.515686]
[0.294118, 0.294118]
[0.027451, 0.027451]
[0, 0]
[0, 0]
[0, 0]
[0, 0]
[0, 0]
[0, 0]
[0, 0]
[0, 0]
[0, 0]
[0, 0]
[0, 0]
[0, 0]
[0, 0]
[0, 0]
[0, 0]
[0, 0]
[0, 0]
[0, 0]
[0, 0]
[0, 0]
[0, 0]
[0, 0]
[0.34706, 0.34706]
[0.496079, 0.496079]
[0.568627, 0.568627]
[0.496079, 0.496079]
[0.34902, 0.34902]
[0.00392158, 0.00392158]
[0, 0]
[0, 0]
[0, 0]
[0, 0]
[0, 0]
[0, 0]
[0, 0]
[0, 0]
[0, 0]
[0, 0]
[0, 0]
[0, 0]
[0, 0]
[0, 0]
[0, 0]
[0, 0]
[0, 0]
[0, 0]
[0, 0]
[0, 0]
[0, 0]
[0.0607843, 0.0607843]
[0.454902, 0.454902]
[0.456864, 0.456864]
[0.315687, 0.315687]
[0.419608, 0.419608]
[0.184315, 0.184315]
[0, 0]
[0, 0]
[0, 0]
[0, 0]
[0, 0]
[0, 0]
[0, 0]
[0, 0]
[0, 0]
[0, 0]
[0, 0]
[0, 0]
[0, 0]
[0, 0]
[0, 0]
[0, 0]
[0, 0]
[0, 0]
[0, 0]
[0, 0]
[0, 0]
[0, 0]
[0.082353, 0.082353]
[0.496079, 0.496079]
[0.345099, 0.345099]
[0, 0]
[0, 0]
[0, 0]
[0, 0]
[0, 0]
[0, 0]
[0, 0]
[0, 0]
[0, 0]
[0, 0]
[0, 0]
[0, 0]
[0, 0]
[0, 0]
[0, 0]
[0, 0]
[0, 0]
[0, 0]
[0, 0]
[0, 0]
[0, 0]
[0, 0]
[0, 0]
[0, 0]
[0, 0]
[0.082353, 0.082353]
[0.496079, 0.496079]
[0.345099, 0.345099]
[0, 0]
[0, 0]
[0, 0]
[0, 0]
[0, 0]
[0, 0]
[0, 0]
[0, 0]
[0, 0]
[0, 0]
[0, 0]
[0, 0]
[0, 0]
[0, 0]
[0, 0]
[0, 0]
[0, 0]
[0, 0]
[0, 0]
[0, 0]
[0, 0]
[0, 0]
[0, 0]
[0, 0]
[0, 0]
[0.00588235, 0.00588235]
[0.25098, 0.25098]
[0.345099, 0.345099]
[0, 0]
[0, 0]
[0, 0]
[0, 0]
[0, 0]
[0, 0]
[0, 0]
[0, 0]
[0, 0]
[0, 0]
[0, 0]
[0, 0]
[0, 0]
[0, 0]
[0, 0]
[0, 0]
[0, 0]
[0, 0]
[0, 0]
[0, 0]
[0, 0]
[0, 0]
[0, 0]
[0, 0]
[0, 0]
[0, 0]
[0, 0]
[0, 0]
[0, 0]
[0, 0]
[0, 0]
[0, 0]
[0, 0]
[0, 0]
[0, 0]
[0, 0]
[0, 0]
[0, 0]
[0, 0]
[0, 0]
[0, 0]
